38
54
60
63
66
54
54
53
43
43
41
43
37
43
29
21
35
37
48
56
53
37
29
26
26
47
41
41
40
30
41
51
56
64
61
44
43
41
35
35
29
38
48
56
57
47
44
50
50
50
56
54
53
51
47
35
37
35
27
40
38
47
53
56
57
63
61
61
61
61
69
63
63
64
61
54
56
48
54
60
51
51
35
37
35
23
35
44
54
67
69
61
64
64
64
64
64
64
64
63
56
50
48
50
48
51
47
44
43
35
35
35
41
44
48
43
38
37
34
40
35
54
50
47
67
56
48
43
41
38
54
54
41
43
43
48
50
54
61
69
60
69
64
64
64
64
64
64
78
78
78
78
78
78
75
75
69
80
83
90
100
100
100
93
94
80
77
84
80
90
91
81
69
74
74
75
70
67
56
61
84
91
94
81
81
75
67
67
67