51
53
54
48
29
24
10
10
23
29
47
51
50
57
54
29
29
20
23
47
43
47
40
38
27
21
27
30
54
61
53
38
30
23
23
29
23
23
30
24
26
27
17
23
23
26
27
20
14
13
21
23
11
13
7
21
38
41
41
34
38
27
30
34
34
44
53
43
37
27
13
21
27
26
35
40
40
40
44
41
41
60
48
51
50
38
48
50
47
44
43
40
43
51
48
44
29
30
35
35
50
54
53
61
56
54
51
50
48
34
41
41
44
57
48
48
48
41
44
47
48
54
48
48
34
23
34
40
50
53
43
38
40
40
48
44
44
41
34
27
24
30
43
48
48
44
38
38
51
50
51
41
40
47
54
57
50
40
40
50
44
60
60
47
57
47
37
48
40
38
43
48
51
54
69
60