30
44
47
48
48
34
44
43
51
54
57
57
50
56
47
47
51
38
40
43
54
60
66
60
54
53
51
54
43
50
50
44
50
38
35
38
34
41
47
50
54
38
27
29
27
44
56
66
74
74
70
69
74
74
74
74
74
74
74
74
64
54
41
30
41
54
66
78
63
54
53
44
53
53
60
67
64
61
54
53
54
63
64
61
64
67
57
54
47
44
51
51
54
40
37
30
35
51
53
48
40
37
48
61
67
66
43
30
29
29
43
48
50
51
47
47
60
61
60
64
53
54
44
41
50
37
48
48
35
38
38
38
38
38
38
38
38
38
38
38
38
38
41
44
40
38
47
51
69
69
77
77
67
57
43
56
50
56
60
30
40
41
35
44
44
35
37
29
21
34
41
41
41
41
41
41
41
41
41
0
0
0
