40
44
13
24
50
63
90
80
61
57
56
63
69
67
70
74
78
78
77
74
75
70
64
63
63
66
69
78
78
64
69
48
50
63
56
60
57
53
60
57
53
54
48
56
60
74
75
66
57
53
57
63
63
53
48
61
61
61
61
61
61
61
61
61
0
0
0
0
0
0
0
77
93
69
51
51
51
64
44
34
7
14
23
14
40
30
37
38
21
29
23
27
41
37
41
38
47
40
54
74
53
63
48
29
30
30
40
38
53
54
34
51
26
23
35
7
23
35
51
64
61
48
40
43
44
43
37
53
64
75
96
83
80
77
53
57
41
34
47
40
54
60
61
66
66
66
66
66
66
66
66
66
0
0
0
0
0
0
0
0
0
0
70
50
27
16
1
1
4
8
16
23
27
16
14
13
7
20
35
37
48
70
66
